0 9028 0 12883 0 0 0 0 12883 0 0 0 0 0 0 0 0 0 0 0 0 0 0
9028 0 12144 5966 0 0 0 11510 6230 0 0 0 0 0 0 0 0 0 0 0 0 0 0
0 12144 0 7497 19219 10032 0 0 0 0 0 0 0 0 0 0 0 0 0 0 0 0 0
14836 5966 7497 0 4541 0 6811 6547 9820 0 0 0 0 0 0 0 0 0 0 0 0 0 0
0 0 19219 4541 0 9187 2910 5860 0 0 0 0 0 0 0 0 0 0 0 0 0 0 0
0 0 10032 0 9187 0 7550 0 0 0 0 0 0 8289 0 8764 9662.4 0 0 0 0 0 0
0 0 0 6811 2910 7550 0 4238 0 0 0 5808 5385 5491 0 0 0 0 0 0 0 0 0
0 11510 0 6547 5860 0 4238 0 9504 8500 0 2101 4092 0 0 0 0 0 0 0 0 0 0
12883 9504 0 9820 0 0 0 9504 0 2786 0 0 0 0 0 0 0 0 0 0 0 0 0
0 0 0 0 0 0 0 8500 2786 0 3246 7920 0 0 0 0 0 0 0 0 0 5544 0
0 0 0 0 0 0 0 0 0 3246 0 0 0 0 0 0 0 0 0 8236 0 2284 6019
0 0 0 0 0 0 5808 2101 0 7920 0 0 4000 0 2675 0 0 0 0 0 0 4535 0
0 0 0 0 0 0 5385 0 0 0 0 4000 0 0 3150 3156 0 0 0 0 5702 0 0
0 0 0 0 0 8289 5491 0 0 0 0 0 0 0 0 0 0 0 0 0 6124 0 0
0 0 0 0 0 0 0 0 0 0 0 2675 3156 0 0 4691 0 0 0 0 3077 4425 7761
0 0 0 0 0 8764 0 0 0 0 0 0 3127 2496 4691 0 3127 12091 10560 8817 6124 0 0
0 0 0 0 0 9662 0 0 0 0 0 0 0 0 0 3127 0 9504 9028 0 0 0 0
0 0 0 0 0 0 0 0 0 0 0 0 0 0 0 12091 9504 0 13780 0 0 0 0
0 0 0 0 0 0 0 0 0 0 0 0 0 0 0 10560 9028 13780 0 17740 0 0 0
0 0 0 0 0 0 0 0 0 0 8236 0 0 0 0 8817 0 0 17740 0 4119 3813 0
0 0 0 0 0 0 0 0 0 0 0 0 5702 6124 3077 6124 0 0 0 4119 0 0 4235
0 0 0 0 0 0 0 0 0 5544 2284 4535 0 0 4425 0 0 0 0 3813 0 0 0
0 0 0 0 0 0 0 0 0 0 6019 0 0 0 7761 0 0 0 0 4235 0 0 0